field_id,Bersem,Coriander,Garlic,Gram,Green pea,Lentil,Maize,Mustard,No Crop,Potato,Rice,Sugarcane,Wheat
11,1.2924801184939942e-05,2.584758374443692e-05,1.4790773338498952e-05,1.5067333483549758e-05,3.592392218479137e-05,0.0026792935649011564,0.00018310039571832096,0.3381720328219371,0.3521774229769788,1.1870089645669768e-05,5.645893370917911e-05,0.1349828597729188,0.17163240703025484
13,1.0086469938595002e-05,9.9997365709246e-06,3.387781264097908e-05,2.2925652604629833e-05,9.786322616778003e-06,0.00023431477585305423,1.6019493430093456e-05,0.15201869957984118,0.14000817199152288,9.831769585623106e-06,5.37712779913992e-05,0.0005190406040164747,0.7070534745133873
19,1.633700385920228e-05,1.599067139340316e-05,1.6204606120164506e-05,8.458615023243296e-05,0.00011632494772673118,0.007990133758194596,4.751224660858251e-05,0.5980321886452251,0.15578663284790314,1.5924465177126476e-05,4.591663186923294e-05,0.024403418674870225,0.2134288293508202
21,8.261545190728567e-06,8.076631402706566e-06,1.4639819267997386e-05,1.196967393904934e-05,7.890353802021974e-06,0.0007319105954170988,3.356573405913377e-05,0.05995979823885222,0.8229361557446544,7.738395664882962e-06,3.034511853719561e-05,0.0744647301431405,0.04178491800607206
25,7.617601973641403e-06,7.532048336183161e-06,8.450324599419215e-06,7.394354634634383e-06,7.509660050536056e-06,0.011257459491161519,0.00018192963070621124,0.013454091532223806,0.8175343974394359,7.4252438456843e-06,5.0030637180398214e-05,0.0014359756836484856,0.15604018635220362
26,9.939104208180098e-07,1.1252491562917222e-06,9.858622218178673e-07,8.622159510490464e-07,9.806163317315015e-07,0.00219490693112263,3.892568532679641e-06,0.001592038722330413,0.9803230783817746,9.688123980324723e-07,6.6043536873034776e-06,2.0476514034346466e-05,0.01585308586203826
29,1.8990591526052068e-05,2.390182751157427e-05,2.099772573622797e-05,3.6982308733484164e-05,0.00019965981932932008,0.010397362735781155,3.243779584933326e-05,0.4638344131641598,0.2705173290235368,1.791741493589423e-05,6.767245002757128e-05,0.03960310411627579,0.215229231026597
39,1.6110831391931445e-05,4.630293035221025e-05,1.741289034508194e-05,1.772832252541331e-05,5.093813238467156e-05,0.004695787267534413,3.21229373739758e-05,0.285283040230535,0.2269101444097294,3.2679768243801464e-05,4.681205963510522e-05,0.2992062200226789,0.18364470019727006
44,3.2958427839475492e-06,3.248331992840942e-06,4.759422859705644e-06,1.0824250208354e-05,3.750749388419403e-06,2.500407403754976e-05,0.002141183907110795,0.011708501134754811,0.04153495187136612,3.3684645475615586e-06,7.088866549026399e-05,0.9106004509140846,0.03388977237137501
48,2.694308394492016e-06,1.1582836987063078e-05,2.93496920984465e-06,2.861599953993947e-06,5.73435313424956e-06,0.0006456757262043435,1.0952262247139912e-05,0.03337718471443967,0.01679137789321482,2.5251723181110805e-06,8.291991335177746e-06,0.9401494023747518,0.0089887817978093
52,6.444626222002551e-06,9.741632096942935e-06,2.0537980829123094e-05,1.2992980618092508e-05,6.358622695650228e-06,0.0036060907960203097,1.178808642765563e-05,0.23751180532942795,0.07654562744069376,1.1051350850138111e-05,3.150979270162787e-05,0.00012779675414008394,0.6820982546072767
63,1.1821010160510395e-05,1.145852507359111e-05,8.016228527009529e-05,4.573158493897949e-05,0.00020934011350762756,0.007754409652893959,0.0001116384544995422,0.6051234792302613,0.10262773236829022,1.209435875205235e-05,0.00016680316697393653,0.0325561674509971,0.25128916179838107
64,4.172544722324005e-05,5.351270679478907e-05,8.701469512601471e-05,9.69023015060822e-05,0.0002255414706562645,0.025579668329166368,0.0003851828982343873,0.5126764448580653,0.21233701477812397,0.0018948894159190966,0.00014995727414179137,0.04171192213452068,0.20476022369052194
65,1.2176939904078941e-05,1.1819412037752628e-05,2.2606686958302143e-05,0.00012551847342519645,8.44497150419184e-05,0.0015229340083479544,1.9894795923480355e-05,0.12890846311046408,0.5339731359302056,2.1789305227542884e-05,3.512338535409535e-05,0.00015109241400461845,0.3351109958231053
67,2.2699955809771215e-05,2.248881749171547e-05,2.5728040686606314e-05,1.8500847150805376e-05,2.221660322841811e-05,0.007783057976344045,9.089554913605818e-05,0.09361974243558012,0.636891918859293,2.212674116566331e-05,0.00010545548768232738,0.003411108707494579,0.25796405997893684
68,1.2248817909731051e-05,1.2111236787730363e-05,1.2154923976952708e-05,1.2033680393555743e-05,1.208111132685029e-05,0.010623577507556967,6.810139452702785e-05,0.27743044482323936,0.468698067051923,1.1939513263602766e-05,0.0001335988827640192,0.005229317426965777,0.23774432362936535
69,1.6682999741969533e-06,1.627073080049295e-06,1.8506591117680208e-06,1.4197921202926905e-06,3.0809519615941415e-06,0.003941998910751671,6.6802351312520944e-06,0.00443975641616356,0.8845465798287793,1.6261724042585617e-06,4.73494833576916e-06,0.0001630488072047608,0.10688592790498155
79,9.320315868648829e-07,9.317517350180085e-07,8.065840919625981e-07,1.1233254251329356e-06,1.3185160545773588e-06,1.2305362934598543e-05,5.711267197442087e-05,0.009756652182192507,0.006286242936065088,2.244416510735574e-05,2.0111963000129947e-05,0.9649555805460714,0.018884437963761075
90,6.859203491621511e-06,8.935178205228021e-06,8.93585276815676e-06,1.146369236299529e-05,9.472543547116296e-06,0.00022679058052052907,3.706984942316442e-05,0.5318298213920936,0.046566672170025504,9.169776601841999e-06,4.612924499659585e-05,0.2772451238223827,0.14399355669358097
92,1.0063947060823502e-05,9.741488691334995e-06,4.644964375803983e-05,0.00035276808897843464,2.207186142536911e-05,0.0008839088984862243,0.00020877660843198777,0.23216329900240087,0.09584090583438737,1.0167180889541657e-05,0.00014442026854811127,0.48204290795642735,0.18826451922051463
94,9.39366454025488e-06,1.1395309481553747e-05,4.071215679351774e-05,3.9431012540843136e-05,1.0331438444595012e-05,0.00037886756795669065,0.00011542762612341461,0.18618375384562114,0.12491034220766978,0.0002910799005805609,0.00031963274590059404,0.6665343101867021,0.02115532233764498
95,2.4306484675497704e-05,2.7000882237216532e-05,2.4075641938211324e-05,8.35498880076484e-05,0.00041101017855859224,0.016503954068083,4.647560637964792e-05,0.11777403410105142,0.40204820836977795,2.3692735903002804e-05,7.632987505537384e-05,0.14800014607519485,0.31495721609313754
99,1.7619985414633906e-05,1.747333166359188e-05,1.684875348400745e-05,0.001057728190732881,3.759722416857618e-05,0.0011946378323810696,0.00029607247507776373,0.6128847476501871,0.10165410302176946,2.377990998885837e-05,0.00011205457914619848,0.02709293825826868,0.2555943987877172
105,4.640040326561159e-06,1.5322687562942114e-05,4.60449515953827e-06,4.006424781961789e-06,4.577977279254011e-06,0.0053339595282842385,1.9120871175218085e-05,0.018494549581133675,0.9169203937437098,4.522870976685543e-06,9.07361325708657e-06,0.0005442902003355821,0.0586409379660174
109,1.3615926337224108e-05,1.96039414116254e-05,3.130280253727579e-05,2.345720657780146e-05,2.5291109845270486e-05,0.0018293110506261195,0.00014123268569129425,0.37326786057550304,0.0943775053015942,1.4184259896875664e-05,0.00013348547519829708,0.0034943604290747937,0.5266287892357061
119,2.689637103307592e-05,5.236567338052503e-05,2.667464581961223e-05,7.666912715173037e-05,9.697949469747501e-05,0.017739368557477316,0.00010586504946113944,0.4399530015723304,0.16396933089024116,2.5376431240084273e-05,0.00015374897823113481,0.028209753234594712,0.3495639699743417
129,9.829380350003553e-06,9.566900673978571e-06,1.1163973581351647e-05,1.0621134464222221e-05,8.349504516425786e-05,0.004243264026018236,1.7554543085257732e-05,0.6295736202074248,0.13839617813018454,4.128703497145594e-05,6.368056229347122e-05,0.01342978938966994,0.21410994967211838
146,3.9109437168670524e-06,3.9076170525616185e-06,3.987675709248946e-05,6.09911788585446e-06,7.1642322599000676e-06,3.0682035474306396e-05,0.0002492837037620586,0.016598027071332004,0.03244535950041697,1.0685378772351103e-05,3.362796662131798e-05,0.9449092735741305,0.005662102101482831
148,5.414332460582864e-06,5.37703525016289e-06,6.861078743177288e-06,1.6103441374475852e-05,0.0002206379388849579,5.7367507154213646e-05,0.00014516421978214526,0.28327019148311344,0.048557116444217806,1.3020745079627877e-05,4.466951227876791e-05,0.6189145771497455,0.048743499111915056
151,4.229620526171325e-06,4.191108666128468e-06,2.8206944778896227e-05,7.615554175349907e-06,1.1420029887114272e-05,0.0003913931945181305,7.529675972005772e-06,0.1496861612843808,0.058514849469287054,7.106135939712027e-06,3.295628599335831e-05,0.00030923571713779407,0.7909951049787375
160,2.978372845967982e-05,0.015424763003211397,6.0280774371970456e-05,3.176600324932778e-05,2.8350097989082324e-05,0.007345061057149592,8.354381577379905e-05,0.35083744724341753,0.23933373754536905,7.331535594967231e-05,6.139804681990197e-05,0.32758564799472084,0.05910490533351828
162,1.6054353600988797e-05,1.484824024990073e-05,4.871826407327592e-05,4.153886190691051e-05,1.5201215602081638e-05,0.07006909597800794,4.468102246705772e-05,0.1313721478308616,0.012476293138448787,1.4881862696543146e-05,7.667329545275954e-05,0.0004644615518981321,0.785345404384734
166,1.478429448143168e-05,1.4396914911329054e-05,1.639154089903424e-05,1.4740325615958444e-05,9.593736279286481e-05,0.002297650624504692,3.6265202447948785e-05,0.07710678859158256,0.6612644748536566,1.441095225440731e-05,7.612475264098284e-05,0.1132357052614756,0.14581232932273666
168,8.033848933281868e-06,7.48804932234692e-06,1.4243556784203777e-05,1.3354233976015757e-05,1.627813037273469e-05,0.004703199060216191,1.2310320264224736e-05,0.20440273008755058,0.08345771854651844,1.4375749899673588e-05,2.0614686175962976e-05,0.0006372800217224141,0.706692373708264
169,2.8114190449175892e-05,2.7618811417166363e-05,2.7882910512114857e-05,7.831010474075722e-05,0.00028373257860233084,0.01927861653269594,4.0599084705941204e-05,0.7463061725805993,0.11099835709429541,2.7404295533961612e-05,7.033453990997844e-05,0.023984696808783675,0.09884816046775419
180,2.6406273816168855e-06,2.622886410441828e-06,2.9937913076183903e-06,3.165012027500321e-06,2.6032095172072393e-06,0.0007827879849347244,1.0881607148244342e-05,0.025927495893671295,0.16634351551471907,2.5739467987355932e-06,1.995887948963151e-05,8.794877173030731e-05,0.8068108118748637
182,3.121330094882029e-06,3.100349286386307e-06,3.5387843704565687e-06,5.28223548921018e-06,3.077100641275239e-06,0.00015399790419702274,1.2498483053745915e-05,0.048257128300804246,0.23308611893011863,3.0425109053437367e-06,2.35922158668841e-05,0.0001004819431850381,0.718345019911987
183,5.01570632524623e-06,4.9615210234237845e-06,6.073466366848363e-06,6.088531006123019e-06,1.6528877427723616e-05,0.0010296110890527673,2.6716642930784623e-05,0.1772829644491307,0.09727040339754417,2.1204106728062066e-05,4.814242693361552e-05,0.6807136272176103,0.04356866256792034
187,1.944708213671316e-05,1.9218343383307308e-05,3.00179936625974e-05,2.7234291329902436e-05,0.00013481611983466298,0.03485498729359722,9.092299520216893e-05,0.23178667485788493,0.37902932521226995,0.001081053614302614,4.823499619627461e-05,0.00021170799958577643,0.3526663592006139
189,1.6108037344255406e-05,1.5987306905939577e-05,4.1707025117922986e-05,5.59701177532918e-05,0.01927612098165524,0.043534771400938206,0.0002270161802617519,0.09438512999851768,0.5958916287331008,0.0005170287861740655,6.530671431771788e-05,0.012235587482391688,0.2337376372355214
191,1.3473009628058516e-05,2.6759508125077515e-05,1.4737719287219053e-05,1.430955855336719e-05,1.2890403489118416e-05,0.0052862952739811935,4.425163033053869e-05,0.08388879199744592,0.6065877685410506,1.2614676432202084e-05,0.00014807470547460302,0.22039773615233396,0.08355229682386821
196,1.2836130506146453e-05,1.2747707443109344e-05,4.4409376479113226e-05,2.097554410398006e-05,3.473511878970275e-05,0.00017338530772730373,0.00014416066645752778,0.4282628449421422,0.22359047079399635,1.9930525745295664e-05,9.59998179331169e-05,0.2280056874021299,0.1195818166665463
208,9.375144649483984e-06,4.043897873306128e-05,8.927481833346611e-06,1.0015657246167722e-05,8.970118989051263e-06,0.0008811240684190215,0.000535758339734015,0.09128121504318318,0.40670333703889816,1.7430852008672585e-05,0.00011205494320478265,0.4329385493610474,0.06745280297205355
209,2.910166247519352e-06,2.886539598742005e-06,2.0925307657541326e-05,9.136654261208807e-06,2.753735123714929e-06,0.00026854026281428043,9.423942723465519e-06,0.03280223469660201,0.07936267153787127,2.5961024952612096e-06,1.1193840883877319e-05,0.7915520108086541,0.09595271640506693
212,4.8734930592596075e-06,5.783179061647558e-06,2.7941886374610823e-05,6.055916741637008e-06,1.3678287664706224e-05,0.01032226706554009,8.187669385896586e-06,0.02977065160551033,0.0822653145444594,4.7553944983614344e-06,2.0396991676527146e-05,8.817770127809676e-05,0.8774619162647496
213,1.7532873793954575e-05,2.3625263312924977e-05,2.0638445075531925e-05,1.727656638576535e-05,1.7078029813246257e-05,0.006389866642657924,3.440777739677015e-05,0.16645229982402876,0.4699900587750273,1.709012272750407e-05,5.094038080863568e-05,0.009306741383770963,0.3476624439152006
217,1.0288840985955344e-05,1.4179898025145216e-05,4.181761990886848e-05,1.2529157654818823e-05,1.2463593229233858e-05,0.0008515190132237772,2.2000904433992275e-05,0.5519075340762055,0.04042909922365725,1.2316365745282798e-05,6.589614462204399e-05,0.003256299882058648,0.4033640552802496
219,1.2622092718004722e-05,1.3940744499979035e-05,2.7228189966389757e-05,0.0002565266450260268,1.9480100619873002e-05,0.0008668403979662049,0.0001236668177689592,0.10678929432334594,0.2769911160372529,7.087203119454042e-05,0.0001022460323873164,0.0010814447015266933,0.6136447218857272
220,2.2837543197209848e-06,2.22634832769869e-06,2.440657225943172e-06,4.250991100955289e-06,2.2648705022419817e-06,0.00016855689340345337,4.569099609560274e-06,0.02225927455050766,0.5879496475983175,5.137600132553393e-05,0.002084849624197655,1.67001669647219e-05,0.3874515594441973
221,5.146834663939884e-06,4.921058983583237e-06,4.666880455121341e-06,1.8057860505819225e-05,5.1042767208419065e-06,0.00023832875851238092,1.0125612025063127e-05,0.02958282929181029,0.264274312328308,1.6631293015592035e-05,0.0004068227181054514,0.00010352067972810453,0.7053295324071659
222,1.9186459561151858e-05,3.2639716327202975e-05,3.561557802188729e-05,0.00011613689231829152,1.8852533859456705e-05,0.004812178084257553,9.000792194757306e-05,0.26481442345930045,0.17521078385334227,6.768999454460914e-05,8.961997948445301e-05,0.11364025675649246,0.4410526087705426
226,2.4718491807473993e-06,5.879864479806546e-06,2.450828814268829e-06,2.40426926832126e-06,0.00011627620862057776,0.0002476354389210586,7.188778852417293e-06,0.9680166467138408,0.006738720188268893,2.332162606396109e-06,5.2661660123949025e-06,0.003046259751813695,0.02180646777932057
236,1.070628290588994e-05,3.355738170021562e-05,8.061808827332854e-05,1.666894146687606e-05,1.6523366840275524e-05,0.0014482076447989566,7.18476991878851e-05,0.07363389779798322,0.018851040991326146,1.2405486086433675e-05,4.307397347792977e-05,0.00027578477137966983,0.9055056675745732
238,2.3214206487556473e-05,2.315888963801433e-05,0.0003718046385949331,2.4027408222541225e-05,0.00012191150772763564,0.0002284679968771197,0.008672892773139105,0.060050106588768255,0.7730896159292738,5.1986910638192925e-05,0.0033982680641880124,0.02296801247966742,0.1309765326067774
239,2.854959559818985e-05,2.852532691686666e-05,0.002569303602001671,3.373807259448386e-05,0.00012277425644907804,0.0014967159924033227,0.00035774715046043356,0.4052049699183372,0.2293921739712363,5.263659042407486e-05,0.007844862674540747,0.23066788641878422,0.12220011643025343
250,8.59880744629531e-06,1.1649799375492588e-05,3.896602201482315e-05,5.3254968634949385e-05,1.326851757014034e-05,0.0076798206816696205,3.2819768607624255e-05,0.07150182144037032,0.018142872574288166,7.97012959899381e-06,3.144332448495866e-05,0.001559810466518259,0.9009177034994202
251,5.85751808136711e-06,5.770349031816261e-06,1.4660894453111001e-05,6.734554318921139e-06,1.3217670079422747e-05,0.0005411267534910697,9.879319024378602e-06,0.06368314844223916,0.027028127340750236,6.726838855478282e-06,1.7901465900140513e-05,0.0003291517271707133,0.9083376971266041
252,6.267961290944569e-06,1.0714136565069953e-05,6.650520925233265e-06,1.9348898055019904e-05,3.339833323577935e-05,0.012022562255288829,1.9848620189566658e-05,0.581774415277438,0.06022953180796953,5.806521526828536e-06,1.740723753706204e-05,0.0005413972657314187,0.34531265116424675
260,2.1093978056095402e-05,2.081421722261853e-05,2.6952286118333353e-05,3.3593705783991304e-05,0.000558325028543299,0.0013636296472756553,3.0504903409896612e-05,0.2705148378547458,0.10924964343648086,2.0561346401958528e-05,4.5193430881282374e-05,0.0046585456482367595,0.6134563045168435
262,2.8573840370431584e-05,8.049188393994553e-05,5.8191396776185054e-05,2.6179720022699457e-05,0.0017672547462051623,0.14352997915925922,0.0001588658097915837,0.1414779639396309,0.14357291372181147,2.785229959405339e-05,9.074581164738821e-05,0.0015253860549902431,0.5676556016159606
267,1.3164453112919226e-05,1.3026693277964488e-05,3.104892313943433e-05,1.587088855298247e-05,2.3083572460443628e-05,0.0011140381846983687,3.378701222917864e-05,0.3630553736435404,0.28146822881750344,5.5604520809999095e-05,4.1424792034736227e-05,0.06763668954593892,0.2864986589527012
272,5.177354529524569e-06,2.2233806806642053e-05,3.238472219141585e-05,9.07967402350104e-06,5.895224849894784e-06,0.0018088239958257717,0.0005645388060917815,0.03268013294183985,0.89491470059453,5.386106476468415e-05,0.00012070216658111123,0.003668722126777739,0.06611374752118808
273,5.285127967403706e-06,5.067864437355082e-06,5.172508388475443e-06,5.069347502093583e-06,6.110559308401036e-06,0.015452706626301962,7.63212634668128e-06,0.01317776900291395,0.5333152573765646,5.151668996281127e-06,1.7028634378804584e-05,0.0003174602495116516,0.43768028890738225
274,8.17579895652231e-06,8.09974606712951e-06,8.109606851577422e-06,2.1429318233912442e-05,8.066883441607645e-06,0.3795623207449096,1.6473368428198655e-05,0.03190984642919865,0.19717766285023441,7.969356657657556e-06,2.4681193094662875e-05,0.0002562506348405449,0.3909909140690855
277,6.7652067804807205e-06,6.689995493302677e-06,1.1027399005376089e-05,1.142318074006715e-05,6.413549363990679e-06,0.00018542077961511937,6.0716237337650766e-05,0.2924850374324959,0.1036624040497767,6.2480967999722755e-06,0.00017205144370920463,0.5126425101471077,0.09074329248177467
280,1.5324335125953773e-05,1.5207317809305852e-05,1.758330698573146e-05,4.044902792783293e-05,3.455468770747494e-05,0.041948895775751165,8.811722165092919e-05,0.10147596556195002,0.6326417231240415,0.0009409353636551583,3.745655328660355e-05,0.0067937206035195465,0.21595006712058862
282,1.961667700636362e-05,2.5553783561724826e-05,0.0001506444481566017,6.002625219009952e-05,1.8503535010754956e-05,0.0200261326153422,8.902310449907366e-05,0.11020754809878826,0.435022768122118,0.00042751775080331945,0.00013517048883017655,0.021923305657937014,0.41189418946575634
283,3.353119654586153e-06,3.1413013114214168e-06,8.110450133087144e-06,0.001530612379594611,4.035089827216959e-05,7.392143404788078e-05,4.675626544459637e-06,0.031335834289369556,0.002895609686490378,3.266650295498829e-06,1.7243090337995064e-05,4.52661065938067e-05,0.9640386149673544
285,1.600709270255365e-05,0.00012170017441378302,3.1206622970241e-05,0.00023064695428292778,1.5795356056131594e-05,0.0005748479532888768,3.168870634992051e-05,0.5488815238646835,0.004662682665640404,1.5594306047312137e-05,7.201259736806e-05,0.0002923775464889214,0.4450539161597074
286,1.066024512803684e-05,1.0546063287917869e-05,1.1655668501939314e-05,1.2803066372401674e-05,0.0003197345568494205,0.029766352662664704,2.6465700933591955e-05,0.17885677884246726,0.12904641197196431,1.408182076437804e-05,5.736457327770616e-05,0.5322756116170998,0.12959153321068853
287,1.4592125433011563e-05,1.4404374006419774e-05,1.6208859910175382e-05,0.0001261258295430597,8.822013171615797e-05,0.0006673775958572857,0.00018870759317016623,0.26506646937858114,0.13304022244015634,8.636623155166691e-05,6.329736328704987e-05,0.4808395027363113,0.11978850534047639
289,5.358398304250024e-06,5.3021882022738635e-06,2.1205854999157222e-05,6.396687390377362e-06,5.895923917299257e-06,0.0026053248584915756,1.6903549533952598e-05,0.6535450213454338,0.036844233963843356,6.8443320038655355e-06,6.602439417779983e-05,0.0022107082305397275,0.3046607802731625
291,6.062624457583487e-06,1.0907819122397243e-05,9.265802226500785e-06,3.634876829783685e-05,0.0004616767543694362,0.0007424884846634096,1.1211101760444892e-05,0.1617498589124088,0.23535057267758389,6.537081184875268e-06,1.9978711762176735e-05,0.00017708703016409023,0.6014180042319986
296,1.4467082711454479e-05,4.4092590942111946e-05,1.4162636792369089e-05,1.7377396049784476e-05,0.00011257785625914456,0.008833886989377105,2.0854523289460904e-05,0.053787130962330267,0.38639865940551044,1.36495339546129e-05,6.0765574493110525e-05,0.008490101622140948,0.5421922738261492
306,4.7443037892892945e-06,4.643757283571285e-06,8.499215589909682e-06,1.0557105001874709e-05,8.761597010181185e-06,0.0036688167794878108,3.0244870582523704e-05,0.01143782000271629,0.8556796679578865,4.578838840191962e-06,7.719405547057996e-06,0.0004636774475963175,0.1286702687186687
311,1.31398198229425e-05,1.8228522492105685e-05,2.03458335664025e-05,1.804046988856019e-05,0.00014720942166407066,0.44703727507643687,0.0005629656353323015,0.2668540071005145,0.14311989048643312,3.009979049165314e-05,0.0003240481182231089,0.02061513394176623,0.12123961578336816
321,2.5796330257086024e-05,8.090936845573495e-05,2.557611793215612e-05,2.73980663648317e-05,5.7245042203519466e-05,0.04587174046710824,0.00019958425696032755,0.12960802379006,0.3672636783759734,5.3175853542553644e-05,0.00017034008531396127,0.3295001981219809,0.1271163341238473
332,1.3970438720193195e-05,1.3863720609182923e-05,2.790504469664986e-05,4.0561110669894195e-05,3.1474207578489395e-05,0.1778049993726776,8.043421588895412e-05,0.08593048331584609,0.597291946082855,0.00048261117828884845,5.0885558702265955e-05,0.00429163516449153,0.1339392305889754
335,1.0464859808171923e-05,1.0283522507335411e-05,1.5428618398234237e-05,1.1114630532583828e-05,9.995166127410653e-06,0.01920481061296406,3.911450904969217e-05,0.04659431019799902,0.8141562101033714,9.798168637356505e-06,3.915192585441952e-05,0.08243367387948185,0.03746564380526843
340,1.546090210582139e-05,1.528946641138381e-05,0.0003647580431172402,2.428560132232831e-05,2.078184723608494e-05,0.10524365066444627,3.372963303399128e-05,0.4961684351714382,0.2053999026672187,7.867183219047648e-05,3.7013865996843205e-05,0.004661970086192454,0.18793605021929
341,2.073009495010445e-05,2.050949444503739e-05,4.8798901278182995e-05,0.0002729716495288198,1.9280688170872214e-05,0.00618460681305064,6.200671757940733e-05,0.29852502150712346,0.3108157091084662,0.03327130995037494,5.222009604655787e-05,0.04367954452917889,0.307027290449807
345,4.086837677962677e-06,4.051925044841283e-06,6.230677047036977e-06,5.3726836703352926e-06,9.776148752198697e-06,0.0011456961478262507,6.212108102351346e-06,0.032841311939674704,0.13969162554971937,3.9836433394261804e-06,9.76517107956451e-06,7.099752763924977e-05,0.8262008896404267
355,1.7777217670935305e-05,2.920326962818688e-05,2.535989942440382e-05,2.8051732143066672e-05,0.00012021272736983567,0.0018145284701666523,9.379267270770761e-05,0.2823138129019876,0.5965854806930466,0.0022921286225662395,4.8385804447053105e-05,0.012666658910380747,0.10396460707846115
360,1.866894528502607e-05,2.400235753395331e-05,6.117270328355676e-05,7.751882591912436e-05,3.0197435581552234e-05,0.0033789274830176037,0.001703656120810607,0.5934550853523255,0.07942229072404819,2.307546562556153e-05,0.0002348811349594856,0.009562617968116388,0.3120079054834934
377,1.8429179296538038e-05,2.8949371747421363e-05,1.8255494779854383e-05,5.976074136924319e-05,0.0026057827217359506,0.01518099726300753,5.218333549363374e-05,0.2974464142901342,0.33058445107446255,1.7963834911188038e-05,4.357267960316367e-05,0.0030393386007516432,0.35090390141270705
381,1.047521043226661e-05,1.3653463575939945e-05,5.396952280331754e-05,2.9616784687089813e-05,2.3221799938863525e-05,0.0013780559524687855,4.870271042558295e-05,0.43094504020934626,0.18476185498566147,3.08670411969114e-05,3.036949031416309e-05,0.0022565497714288896,0.3804176230577205
387,8.68102392930793e-06,8.582903777401882e-06,1.088862275165161e-05,1.257525176337812e-05,8.114434649474496e-05,0.0011422591423156509,2.9375246568443823e-05,0.1305786018236258,0.8314950373677453,2.2697546888100716e-05,2.6014551737993233e-05,0.004611379084478691,0.03197276308792377
389,1.0358519346041326e-05,1.0202628792745099e-05,2.445150000568223e-05,1.0546570422067408e-05,5.073250767929896e-05,0.0010329822552711085,3.4246867324148025e-05,0.41155313593695314,0.07738244020111822,1.5561980581886705e-05,2.49346255725239e-05,0.10452514194262151,0.4053252644643117
391,3.383787731929624e-05,3.336616614905236e-05,4.5059605795057344e-05,2.9989875537246534e-05,0.00012658716776642662,0.004364593851943514,5.366507849021226e-05,0.11570748508337603,0.17606446788227154,3.298338213239165e-05,0.0002566419337053355,0.15350775257150462,0.5497435695240092
395,1.9624802348538253e-05,1.946548598716337e-05,0.00010910743231745662,5.180036151684718e-05,0.006151663082132472,0.008553557706766114,5.520701145826974e-05,0.22563577716983216,0.40412080633819003,0.001236978986180941,7.176580935482134e-05,0.0025919880956382156,0.35138225771827697
401,1.0957173270882838e-05,1.0843539527423778e-05,1.4973910153205195e-05,1.0636481998500314e-05,1.579874700135518e-05,0.041934937148854295,1.571917287733967e-05,0.1562412077242056,0.12393606758238616,1.0680475896112527e-05,4.405069443072389e-05,0.00019540095435991527,0.6775587263950386
402,1.9335333327767555e-05,0.00011552217854867496,2.1443292222541274e-05,4.017918731889002e-05,0.00011090572448881757,0.0037917464304875904,2.9732204222146565e-05,0.13353605296758614,0.17094936276678718,2.1841470953729377e-05,6.310389587527821e-05,0.3002626193704024,0.3910381551777788
404,5.573071699328769e-06,5.507104348051528e-06,1.0377233337507926e-05,0.00013984921672551042,5.494100905250646e-06,0.0018762164270392971,0.00015278637936440076,0.10839913873407443,0.2838690779361104,5.3787021846431675e-06,9.325323617768259e-06,0.000771673972978736,0.6047496017976147
405,7.702135695638179e-06,7.635995470219013e-06,9.000640287107209e-06,1.2096270124924621e-05,3.1675462468334804e-05,0.0007919001146003958,3.7112708438635046e-05,0.04139977822939879,0.5801221033423214,7.507653589653007e-06,3.8106169445021806e-05,0.0002856545917067057,0.3772497266864532
408,9.627439092278002e-06,9.513480993268252e-06,1.7926591885628753e-05,0.0017646085513759627,9.491017644452825e-06,0.00018909370394841398,0.00019074431328239483,0.07825169691715404,0.06258130189389409,9.291667229831546e-06,1.6109425822865085e-05,0.0013330609356495017,0.8556175340620272
414,1.0638661350789171e-05,0.0003658732965565752,1.4383564548606674e-05,3.881563258125824e-05,6.0488920791673914e-05,0.001607742344382121,2.216806000060359e-05,0.21535761997804362,0.24382310987317782,5.064397154435945e-05,0.00015867739845403845,0.00947239075110421,0.5290174475474643
424,1.0426801398089996e-05,7.03357518571648e-05,2.0698775493316404e-05,2.0099546920665432e-05,9.859360462166178e-06,0.002553486467046755,3.079337302244809e-05,0.4025469923774171,0.13239563055263792,1.3224003417569068e-05,2.4819648810718903e-05,0.003301847644546556,0.4590017856969694
428,1.4368003488150453e-05,1.0601717003213769e-05,1.3255763460338436e-05,1.286046329684865e-05,1.1584477193025066e-05,0.0003209821718118067,0.00017988463055107606,0.2901784007436261,0.34210205345744293,1.1338456397884945e-05,0.0010350566027820833,0.22520637749120434,0.1409032360217422
431,2.5269739254088085e-05,6.042180330597322e-05,7.286997522713972e-05,2.5779891029915258e-05,9.611405670573406e-05,0.00046764228448626353,0.0003022065596985281,0.3944199344874157,0.18522709667895912,5.111962861197089e-05,0.00029786251534893944,0.19701171781598908,0.2219419645639675
433,2.6514671534944255e-06,2.634680786128565e-06,3.3993307271482805e-05,3.131004465561253e-06,4.017171038799159e-05,2.7326593965937787e-05,4.620738413990652e-05,0.03139845153637086,0.025974178202429723,5.620147947665943e-06,3.952414401094516e-05,0.9280318129253898,0.01439429689568045
434,2.410680213266836e-06,2.4086310063116375e-06,6.079606686333304e-06,0.00042609882888415,6.081578347866497e-06,2.5892214887917538e-05,0.021385492996652166,0.018446300775458776,0.02364227578710013,6.04902949903134e-06,6.051012035087683e-05,0.9333033059664513,0.0026870937844619288
436,1.8403428402104288e-05,1.8276886094879968e-05,6.545064447318478e-05,2.1731836888893498e-05,7.678557360620837e-05,0.0003140661753298384,0.00024624944251038254,0.4246395919041649,0.16332100580208514,0.00011770884499589051,0.0002798491015480596,0.3175481162306077,0.09333276412929287
448,2.1789367656435147e-05,2.098849593891906e-05,0.00037614612017662646,0.0011015971812169036,3.487140352016091e-05,0.003081654510193849,0.0003738859582228209,0.3380108846837832,0.32212313957654953,0.00015995001110411886,9.525414083458522e-05,0.002746772626439524,0.33185306592436337
457,4.401982851828127e-06,8.643050207051792e-06,1.3386506709337592e-05,3.622552284890549e-05,4.3688279983767625e-06,2.940817574963018e-05,0.0005677923207457194,0.02974949710848329,0.025093520573921575,1.2963424792499976e-05,0.0008656767871617188,5.032005363851255e-05,0.9435637956648916
460,2.336329635758948e-05,2.4969289434537492e-05,2.3155220217725624e-05,0.000837205251106341,3.283120645825133e-05,0.004761385644991764,3.2513601935413994e-05,0.13391455018550172,0.007271925422630543,2.56100304947759e-05,9.112210079637552e-05,0.00019115850093088792,0.852770210249144
463,1.88445810030807e-05,1.8688943112948433e-05,3.12206727584862e-05,7.124185572714556e-05,3.300373848298075e-05,0.01158452787622139,3.901598302229736e-05,0.2521405835744815,0.339155272956608,2.4859363502343765e-05,0.00010581347509831519,0.0131980102292949,0.38357891675068667
469,3.0764829231416736e-06,5.2845504990967145e-06,4.47540041950881e-06,3.691780610700479e-06,2.9188739300497596e-06,0.00044985454458897566,2.029682171171105e-05,0.046758453135834176,0.04256564849354516,1.0418544411077557e-05,6.612655059998745e-05,0.8859063876090959,0.024203367211830504
475,1.8590101904702604e-06,1.8545803777579995e-06,2.3755883122514397e-06,3.4182613807260936e-06,5.590504166468847e-06,5.4333431083005714e-05,0.00028032074279549945,0.006029357791121183,0.04381388530161785,2.956011951333533e-06,0.0006204027181985583,0.9458441956118525,0.0033394504469524532
479,8.639699999135887e-06,8.514163771973896e-06,1.1734614199711718e-05,7.5989263880946905e-06,1.0351180592314851e-05,0.001529098550318492,1.3238669890290978e-05,0.10073774172545054,0.030316855781043883,8.43033556092226e-06,2.707343628530112e-05,0.00012586890353527542,0.8671948540129641
482,1.4784107537974648e-06,1.446037030399947e-06,2.219506086460823e-06,1.5407766891875718e-06,2.363932547377371e-06,9.425834262627337e-05,4.293676911060835e-06,0.005062622416025252,0.9786170708889295,1.424382247027883e-06,1.7127252229988737e-05,0.00268795097562977,0.013506203402294116
483,1.5409054845615277e-05,1.5052993232752854e-05,2.8573157142773517e-05,1.5367202794073144e-05,1.500930772330672e-05,0.008918717452666787,2.674428478216293e-05,0.08777180933543598,0.751798719736858,1.5019935780134813e-05,4.039070213975719e-05,0.0374533751656117,0.11388581167098713
492,8.147122722469236e-06,9.220367309562753e-06,1.6611014121994804e-05,1.5004987604080543e-05,1.3521418518719238e-05,0.0011991970893656448,1.2897994099535507e-05,0.3639960732118782,0.07015403275192364,7.941386497120931e-06,5.086879127949799e-05,0.004410606237530114,0.5601058776271494
495,1.770896993872698e-05,2.5141720788827216e-05,1.7561414413545062e-05,2.8253037985207602e-05,0.0012618685170881535,0.005169593870386041,5.0819139321595346e-05,0.2768479548503604,0.06864513766135162,1.7261786649648703e-05,9.752959772497705e-05,0.006454132817518712,0.6413670366164724
501,1.1823374261819065e-05,1.1706242453875305e-05,1.9546956409950232e-05,0.0017118598021809864,2.1830305564213146e-05,0.0021280659593875175,0.0002410856578582776,0.03702079765905174,0.3243097582478182,1.1411031943789082e-05,2.8167674424558636e-05,0.002724501633846109,0.631759445454799
505,6.2869436374203855e-06,1.9937757658037562e-05,6.236035052062164e-06,5.4500400857509844e-06,6.20285236818011e-06,0.005313256490976996,2.590749883979219e-05,0.04324921439783757,0.5112248455138018,6.128187021775383e-06,1.7972986289301834e-05,0.00021397966797764167,0.4399045816284539
520,8.076042776126125e-06,7.873431948290835e-06,2.0394161114430277e-05,8.595087446952743e-06,1.5450786675928653e-05,0.000721347829142527,2.6525480893184036e-05,0.5591325604667884,0.23310302429764485,2.0307170794241028e-05,2.5047254803869792e-05,0.11758218216807184,0.08932861582189948
521,1.3583156989567081e-05,1.3441002657188607e-05,4.698770004203815e-05,1.9810794199262692e-05,2.3309481558844755e-05,0.0016263548726472984,6.385452108024952e-05,0.18657111549586344,0.689558776340019,1.2710368692563732e-05,9.866017066016393e-05,0.04391949287406036,0.07803190322152975
534,1.713133604123487e-05,4.136426876264651e-05,3.460351372958791e-05,1.7840908118903252e-05,4.535204171592574e-05,0.3936882460665064,3.3034378582944835e-05,0.23803165711195742,0.20158682332381403,0.00014803403615591416,0.00018732584243407022,0.04204742215402478,0.12412116501815611
537,3.6662152894955727e-06,3.63236128128594e-06,5.153609732481106e-05,9.181775038521982e-06,0.0013101283442244463,0.0015813491126089117,5.572152568467231e-06,0.35202021977875153,0.06566248278306024,6.159565396044925e-06,1.5148590782494914e-05,0.00014477384713877322,0.5791861493765351
541,4.057495329090537e-06,3.798467402926418e-06,4.024078971257177e-06,2.1871030225348013e-05,9.818617501543845e-06,0.0020037108121899803,1.1800249320522256e-05,0.815597919666585,0.10965335234159505,3.95503628641553e-06,6.24416043629508e-06,0.0004914120881162718,0.07218803595604022
546,2.563996097380956e-06,2.544085685130006e-06,4.037719867550481e-06,2.6889442541409916e-06,7.399022942511371e-06,7.06126483536729e-05,4.066361802667847e-06,0.1277111050652736,0.04079711149791814,2.499248468450793e-06,2.2157774518902597e-05,3.651240762644566e-05,0.8313367012271914
547,2.477641152991156e-05,3.227514310737729e-05,7.611412169381618e-05,9.308584021317884e-05,8.244839662629377e-05,0.0076582861086326275,0.00036755696648802053,0.4807404317773476,0.34392146851656985,5.109603064688372e-05,0.00022338506355765747,0.05858328563655074,0.10814578998703595
557,1.3703271795446327e-05,1.331402418957535e-05,0.00010217295738661318,3.10259671558168e-05,0.00024052078974514678,0.0025257550351363376,2.3019592771435698e-05,0.34674139177755786,0.14449111294280262,2.621102077554032e-05,5.012790007830573e-05,0.003929879064985195,0.50181176565562
566,9.2258782028019e-06,1.2533577533495162e-05,1.2323935525548268e-05,8.730405716941142e-06,1.3181239260132776e-05,0.00464825542033615,1.46317534407563e-05,0.2582314924936335,0.16029327896471884,8.992900571112022e-06,6.425373395168794e-05,0.0010174179482805548,0.5756656817488286
572,9.679803046238356e-06,9.582212450857522e-06,1.664462376875691e-05,9.070922787519325e-06,6.570775528855682e-05,0.009321370805308933,5.858680753623398e-05,0.3588318894121129,0.30340843149732327,0.00018937472754180606,3.6557982801564485e-05,0.0022670254930131535,0.3257760779570202
575,1.998706147267496e-05,1.9762585867752876e-05,2.3387850480860035e-05,1.9733801628763833e-05,1.9694300574519865e-05,0.10238799366763439,9.199034349135657e-05,0.07309842179735371,0.06523969858328084,1.9482352281836332e-05,5.124951550424004e-05,0.0007115183370021102,0.7582970798034269
584,4.57686242291786e-06,4.487827569878251e-06,1.0112409280686933e-05,6.66085686988188e-05,0.0005142830796514499,0.00018640753634532363,6.212599061692113e-06,0.024100358377031863,0.23285540751001757,3.33102066044538e-05,1.3219490640052934e-05,0.00016068117664747912,0.7420443343560278
590,1.1324650139392185e-05,1.1151966133329716e-05,2.2376035675231904e-05,1.0453072769465216e-05,1.067612963159189e-05,0.00979751674377078,2.4309253213525777e-05,0.27561804134090884,0.19247590958151584,3.4328328574111726e-05,3.866059604048633e-05,0.050855145609342886,0.47109010669228446
593,8.084363216038857e-06,7.97357048327564e-06,1.0046953700497872e-05,8.230196903237058e-06,8.692513501676553e-06,0.0012885597542769184,1.9754016258778104e-05,0.5058290520828316,0.41712962095062134,1.2048579144410635e-05,0.00010056311077976774,0.007063255242844154,0.06851411866543829
597,1.679585809481827e-05,1.6442968155606557e-05,1.8579877611174585e-05,9.932516629049326e-05,0.00011074342460082796,0.003922199702805499,2.4211488991318068e-05,0.5212720787586782,0.23180494337846488,1.637173251937711e-05,5.4775221590986123e-05,0.005384252104570888,0.23725928031762603
599,1.6883308944920435e-05,1.6637991757151463e-05,1.672283288940909e-05,5.336942903493987e-05,7.807859992553725e-05,0.03369963381570852,2.7668151227319167e-05,0.2502381627763986,0.15727928327128188,1.6456998424129962e-05,3.981777930552972e-05,0.00033326588041443647,0.5581840191646877
603,1.504294150343054e-05,2.064019146014569e-05,1.3629875472109327e-05,2.870753919185373e-05,0.00020585585140473826,0.0064119084885347465,2.968453027153707e-05,0.10565524393511244,0.010120593833851818,2.6996225651523634e-05,7.623361079898985e-05,0.00037715538222596545,0.8770183075945207
606,1.61878294284647e-05,5.060999444980342e-05,1.5511325283631486e-05,1.6758055078206726e-05,0.0007447083759578986,0.00045888488330928255,0.00046246574608483596,0.7649113817886342,0.0703721391527479,4.058185582833467e-05,0.00027867302274086215,0.016571809269642152,0.14606028870081444
607,1.0763060290259225e-05,1.0647462124742351e-05,1.9860924709401363e-05,1.5604984882758103e-05,1.2464367967945274e-05,0.0026566969268809566,8.5505368603326e-05,0.19762940883486144,0.6209025665391189,1.0087583447169986e-05,0.00010046622188329706,0.07668810887147977,0.10185781885375002
616,4.724816690699541e-06,4.6238021625579056e-06,5.3566981697192965e-06,4.136233770653639e-06,1.8705498909256106e-05,0.016044121744070848,1.8919191352940186e-05,0.004701260193979495,0.8309123656099413,4.605506585405484e-06,1.5760111115993686e-05,0.0004617533060137946,0.1478036672872372
617,1.27869058026233e-06,1.4818908932850419e-06,1.2673302015498145e-06,2.2131936335229187e-06,1.1495094371352103e-05,0.00031226995146211493,5.259938237104924e-06,0.006448815048688314,0.01596405998478688,1.2064305458705444e-06,4.4075950102552265e-06,0.9668131406085502,0.010433104243039459
618,2.9989878564554715e-05,7.628019729409458e-05,4.362037524579927e-05,2.958603436964183e-05,7.74618867591593e-05,0.043822539242548406,4.323083665401379e-05,0.3483574415312245,0.3268439428014388,0.0012685283217058992,8.541485197394595e-05,0.0028295272632272955,0.27649243677899377
620,9.444348023648735e-06,1.044967582731941e-05,9.870095386595713e-05,1.4483048078708785e-05,4.0590577321336214e-05,0.00020628084371507254,0.00016389267036666822,0.5155135778100223,0.13346344942888771,6.775230613527186e-05,0.0001279851616691612,0.2272660310310047,0.12301736214508228
622,1.7258992635944426e-05,1.7126534740567793e-05,2.5028638265893773e-05,5.6682210554911767e-05,4.52661102065571e-05,0.04792647335915599,0.001634336997427077,0.2734358166081364,0.44170449104017884,1.7638248042137695e-05,0.0007876374179959317,0.15186508546519875,0.08246715837746103
626,1.803197464240147e-05,1.7867434070237663e-05,2.059185412747791e-05,1.9303222937077895e-05,3.717240122315807e-05,0.001345642682060505,0.0002531383968629299,0.7051606906946135,0.1639655954248601,6.086127233868041e-05,0.0010720071019020855,0.005117387911529316,0.12291170962883247
